-1.000000000000000000e+01 -8.390715290764524381e-01 5.440211108893697745e-01 -3.898171832519376111e-17
-9.949999999999999289e+00 -8.652126313430720250e-01 5.014051281791973569e-01 -5.004486106751631670e-03
-9.899999999999998579e+00 -8.891911526253617470e-01 4.575358937753197797e-01 -9.935673162459454644e-03
-9.849999999999997868e+00 -9.109471591078882602e-01 4.125230579170910961e-01 -1.467103190869233770e-02
-9.799999999999997158e+00 -9.304262721047545925e-01 3.664791292519251065e-01 -1.909161803650315584e-02
-9.749999999999996447e+00 -9.475798039779943505e-01 3.195191936222702700e-01 -2.308503374761840948e-02
-9.699999999999995737e+00 -9.623648798313111374e-01 2.717606264109390102e-01 -2.654825849487057673e-02
-9.649999999999995026e+00 -9.747445446749904985e-01 2.233227991637786736e-01 -2.939027826978415567e-02
-9.599999999999994316e+00 -9.846878557941278753e-01 1.743267812229743752e-01 -3.153444702669425115e-02
-9.549999999999993605e+00 -9.921699600893018056e-01 1.248950371167452666e-01 -3.292051971517241660e-02
-9.499999999999992895e+00 -9.971721561963790004e-01 7.515112046180222327e-02 -3.350630380882009540e-02
-9.449999999999992184e+00 -9.996819412301850560e-01 2.521936514365161891e-02 -3.326888500316342590e-02
-9.399999999999991473e+00 -9.996930420352062585e-01 -2.477542545336664653e-02 -3.220539270811278304e-02
-9.349999999999990763e+00 -9.972054308652112953e-01 -7.470829038954364398e-02 -3.033328185063210655e-02
-9.299999999999990052e+00 -9.922253254526022248e-01 -1.244544235070722815e-01 -2.769011907529423180e-02
-9.249999999999989342e+00 -9.847651734673217305e-01 -1.738894853804440477e-01 -2.433287340965067588e-02
-9.199999999999988631e+00 -9.748436214041612535e-01 -2.228899141002580464e-01 -2.033672356062158834e-02
-9.149999999999987921e+00 -9.624854679762339105e-01 -2.713332341136446835e-01 -1.579340593449255967e-02
-9.099999999999987210e+00 -9.477216021311078986e-01 -3.190983623493638954e-01 -1.080913893498176154e-02
-9.049999999999986500e+00 -9.305889258445233514e-01 -3.660659108624242375e-01 -5.502169807973997066e-03
-8.999999999999985789e+00 -9.111302618846711665e-01 -4.121184852417695277e-01 1.672451776953372903e-15
-8.949999999999985079e+00 -8.893942467775748373e-01 -4.571409780351684549e-01 5.563646565608189841e-03
-8.899999999999984368e+00 -8.654352092411041752e-01 -5.010208564578985113e-01 1.105204093352377820e-02
-8.849999999999983658e+00 -8.393130343914749769e-01 -5.436484436661017661e-01 1.632877562719015074e-02
-8.799999999999982947e+00 -8.110930140616455786e-01 -5.849171928917761276e-01 2.126112008610706386e-02
-8.749999999999982236e+00 -7.808456836057380279e-01 -6.247239537542063070e-01 2.572332331877592859e-02
-8.699999999999981526e+00 -7.486466455973869172e-01 -6.629692300821966588e-01 2.959978245979927314e-02
-8.649999999999980815e+00 -7.145763808626782732e-01 -6.995574286026819966e-01 3.278799830097383489e-02
-8.599999999999980105e+00 -6.787200473199981321e-01 -7.343970978741266586e-01 3.520124319258952084e-02
-8.549999999999979394e+00 -6.411672671295854942e-01 -7.674011568675009887e-01 3.677087289823385147e-02
-8.499999999999978684e+00 -6.020119026848066435e-01 -7.984871126235031369e-01 3.744822190397546768e-02
-8.449999999999977973e+00 -5.613518220050538465e-01 -8.275772664419959179e-01 3.720603115738374544e-02
-8.399999999999977263e+00 -5.192886541166659153e-01 -8.545989080882924194e-01 3.603936803050673127e-02
-8.349999999999976552e+00 -4.759275350332893284e-01 -8.794844975308758750e-01 3.396601021597658865e-02
-8.299999999999975842e+00 -4.313768449705983610e-01 -9.021718337563040535e-01 3.102627800002749625e-02
-8.249999999999975131e+00 -3.857479374521988746e-01 -9.226042102393499089e-01 2.728231261081934256e-02
-8.199999999999974420e+00 -3.391548609838111461e-01 -9.407305566797815599e-01 2.281681179972037954e-02
-8.149999999999973710e+00 -2.917140739914010350e-01 -9.565055666515168697e-01 1.773124715344713553e-02
-8.099999999999972999e+00 -2.435441537357652675e-01 -9.698898108450928479e-01 1.214360053189152480e-02
-8.049999999999972289e+00 -1.947654999311334845e-01 -9.808498356204050639e-01 6.185669163000035754e-03
-7.999999999999971578e+00 -1.455000338085853939e-01 -9.893582466233858952e-01 -3.572931364395780677e-15
-7.949999999999970868e+00 -9.587089337646863274e-02 -9.953937772576226806e-01 -6.263476322290299075e-03
-7.899999999999970157e+00 -4.600212563950678568e-02 -9.989413418397734556e-01 -1.245103345675642632e-02
-7.849999999999969447e+00 3.981623454109936393e-03 -9.999920733059185496e-01 -1.840887443320320810e-02
-7.799999999999968736e+00 5.395542056268079478e-02 -9.985433453746033194e-01 -2.398690471253261958e-02
-7.749999999999968026e+00 1.037943572192847747e-01 -9.945987791111727816e-01 -2.904246181152261505e-02
-7.699999999999967315e+00 1.533738620378968243e-01 -9.881682338769953722e-01 -3.344391005198209949e-02
-7.649999999999966604e+00 2.025700120769773904e-01 -9.792677826861931889e-01 -3.707401115077529202e-02
-7.599999999999965894e+00 2.512598425822883952e-01 -9.679196720314778846e-01 -3.983298571793088966e-02
-7.549999999999965183e+00 2.993216543347401171e-01 -9.541522662795044463e-01 -4.164118718939104763e-02
-7.499999999999964473e+00 3.466353178350591313e-01 -9.379999767747265738e-01 -4.244131815783896283e-02
-7.449999999999963762e+00 3.930825735649742247e-01 -9.195031758289563539e-01 -4.220012929931425683e-02
-7.399999999999963052e+00 4.385473275744238286e-01 -8.987080958116105966e-01 -4.090955289949361334e-02
-7.349999999999962341e+00 4.829159416559705154e-01 -8.756667135928641876e-01 -3.858723609570048618e-02
-7.299999999999961631e+00 5.260775173811378380e-01 -8.504366206285443042e-01 -3.527645306852340151e-02
-7.249999999999960920e+00 5.679241732887270189e-01 -8.230808790114833018e-01 -3.104539021231031426e-02
-7.199999999999960210e+00 6.083513145322863025e-01 -7.936678638491287963e-01 -2.598581343856897277e-02
-7.149999999999959499e+00 6.472578943127547113e-01 -7.622710923613847944e-01 -2.021114186022118092e-02
-7.099999999999958789e+00 6.845466664428363490e-01 -7.289690401258479557e-01 -1.385396680398699384e-02
-7.049999999999958078e+00 7.201244284118231143e-01 -6.938449449297335869e-01 -7.063069044274758283e-03
-6.999999999999957367e+00 7.539022543433326895e-01 -6.569865987187569756e-01 6.177957103499258035e-15
-6.949999999999956657e+00 7.857957172636880205e-01 -6.184861281629897567e-01 7.164695937010269293e-03
-6.899999999999955946e+00 8.157251001253825740e-01 -5.784397643881639128e-01 1.425553105918679446e-02
-6.849999999999955236e+00 8.436155950581835095e-01 -5.369476024479735710e-01 2.109630135776038515e-02
-6.799999999999954525e+00 8.693974903498475904e-01 -4.941133511385688015e-01 2.751439069967145240e-02
-6.749999999999953815e+00 8.930063446890974532e-01 -4.500440737805763702e-01 3.334504874656463169e-02
-6.699999999999953104e+00 9.143831482353383944e-01 -4.048499206165552811e-01 3.843553841795097070e-02
-6.649999999999952394e+00 9.334744701125290423e-01 -3.586438534927556265e-01 4.264905042156960646e-02
-6.599999999999951683e+00 9.502325919585444813e-01 -3.115413635133322812e-01 4.586828658428487165e-02
-6.549999999999950973e+00 9.646156271962309514e-01 -2.636601823727312555e-01 4.799862034807716310e-02
-6.499999999999950262e+00 9.765876257280341477e-01 -2.151199880877669446e-01 4.897075172058355103e-02
-6.449999999999949551e+00 9.861186637925208887e-01 -1.660421058649073078e-01 4.874278500463408853e-02
-6.399999999999948841e+00 9.931849187581985872e-01 -1.165492048504424838e-01 4.730167054003896893e-02
-6.349999999999948130e+00 9.977687286676875100e-01 -6.676499152150407179e-02 4.466396618951067737e-02
-6.299999999999947420e+00 9.998586363834159885e-01 -1.681390048429731721e-02 4.087589006352587706e-02
-6.249999999999946709e+00 9.994494182244976210e-01 3.317921654761007977e-02 3.601265264627854373e-02
-6.199999999999945999e+00 9.965420970232129472e-01 8.308940281755039514e-02 3.017707367059441204e-02
-6.149999999999945288e+00 9.911439395684616960e-01 1.327919088525713054e-01 2.349750639033655955e-02
-6.099999999999944578e+00 9.832684384425744994e-01 1.821625042721500276e-01 1.612510890299902189e-02
-6.049999999999943867e+00 9.729352782968845315e-01 2.310777882994466681e-01 8.230518473078138331e-03
-5.999999999999943157e+00 9.601702866503500911e-01 2.794154981989804276e-01 -9.462847441180146952e-15
-5.949999999999942446e+00 9.450053693342086447e-01 3.270548148697952073e-01 -8.368846514661517494e-03
-5.899999999999941735e+00 9.274784307440139264e-01 3.738766648302904172e-01 -1.667172276413613277e-02
-5.849999999999941025e+00 9.076332790983885346e-01 4.197640178399129063e-01 -2.470250671806344805e-02
-5.799999999999940314e+00 8.855195169412912737e-01 4.646021794138100458e-01 -3.225825116513420660e-02
-5.749999999999939604e+00 8.611924171614901979e-01 5.082790774993103389e-01 -3.914418765901245961e-02
-5.699999999999938893e+00 8.347127848391260319e-01 5.506855425976887597e-01 -4.517861533338264624e-02
-5.649999999999938183e+00 8.061468052646788562e-01 5.917155806310594457e-01 -5.019755492096383137e-02
-5.599999999999937472e+00 7.755658785102103048e-01 6.312666378723698068e-01 -5.405905204576525597e-02
-5.549999999999936762e+00 7.430464409663677383e-01 6.692398572763088582e-01 -5.664702041079440475e-02
-5.499999999999936051e+00 7.086697742912149156e-01 7.055403255704372212e-01 -5.787452476068988966e-02
-5.449999999999935341e+00 6.725218022484179548e-01 7.400773104889379894e-01 -5.768641528071358215e-02
-5.399999999999934630e+00 6.346928759425838340e-01 7.727644875560287785e-01 -5.606123915856409817e-02
-5.349999999999933920e+00 5.952775479885532572e-01 8.035201558521949394e-01 -5.301237108474538690e-02
-5.299999999999933209e+00 5.543743361791053648e-01 8.322674422239382253e-01 -4.858832215098217444e-02
-5.249999999999932498e+00 5.120854772417826606e-01 8.589344934266266440e-01 -4.287220553128219536e-02
-5.199999999999931788e+00 4.685166713003167116e-01 8.834546557201852224e-01 -3.598035706878369155e-02
-5.149999999999931077e+00 4.237768176793654806e-01 9.057666414687338685e-01 -2.806012899039950215e-02
-5.099999999999930367e+00 3.779777427129160650e-01 9.258146823277586535e-01 -1.928689496240815551e-02
-5.049999999999929656e+00 3.312339202366875179e-01 9.435486686359298991e-01 -9.860324111308721093e-03
-4.999999999999928946e+00 2.836621854631581341e-01 9.589242746631586600e-01 1.428786669128195162e-14
-4.949999999999928235e+00 2.353814429543812647e-01 9.719030694018376826e-01 1.005952257823224810e-02
-4.899999999999927525e+00 1.865123694225042095e-01 9.824526126243460222e-01 2.007411516498307236e-02
-4.849999999999926814e+00 1.371771121008351635e-01 9.905465359667232628e-01 2.979580707230618242e-02
-4.799999999999926104e+00 8.749898343937295708e-02 9.961646088358471207e-01 3.897872015787307715e-02
-4.749999999999925393e+00 3.760215288790200172e-02 9.992927889753807635e-01 4.738506927143847774e-02
-4.699999999999924682e+00 -1.238866346296604859e-02 9.999232575640999432e-01 5.479108668091284273e-02
-4.649999999999923972e+00 -6.234851460706788973e-02 9.980544387588746735e-01 6.099272802224808138e-02
-4.599999999999923261e+00 -1.121525269351307669e-01 9.936910036334558605e-01 6.581101988180253215e-02
-4.549999999999922551e+00 -1.616762163537627528e-01 9.868438585032240917e-01 6.909691500657424990e-02
-4.499999999999921840e+00 -2.107957994308561067e-01 9.775301176650805779e-01 7.073553026306582392e-02
-4.449999999999921130e+00 -2.593885027897024909e-01 9.657730606206182955e-01 7.064965466963789298e-02
-4.399999999999920419e+00 -3.073328699784954043e-01 9.516020738894914732e-01 6.880242987641900509e-02
-4.349999999999919709e+00 -3.545090650482067285e-01 9.350525775584207500e-01 6.519912305824900056e-02
-4.299999999999918998e+00 -4.007991720800495039e-01 9.161659367494224826e-01 5.988793195353468712e-02
-4.249999999999918288e+00 -4.460874899138659311e-01 8.949893582285470828e-01 5.295978330334657341e-02
-4.199999999999917577e+00 -4.902608213407714244e-01 8.715757724135476670e-01 4.454710875182489593e-02
-4.149999999999916866e+00 -5.332087560372249513e-01 8.459837010754019948e-01 3.482160585555321708e-02
-4.099999999999916156e+00 -5.748239465333374598e-01 8.182771110643622947e-01 2.399101568494362707e-02
-4.049999999999915445e+00 -6.150023765256409369e-01 7.885252544261430740e-01 1.229497204002357076e-02
-3.999999999999914735e+00 -6.536436208636764444e-01 7.568024953078724693e-01 -2.138403758059191855e-14
-3.949999999999914024e+00 -6.906510965605698882e-01 7.231881240864526106e-01 -1.260623715500366546e-02
-3.899999999999913314e+00 -7.259323042001997184e-01 6.877661591839109301e-01 -2.522132418164902551e-02
-3.849999999999912603e+00 -7.593990591375647803e-01 6.506251370651009447e-01 -3.753497774044120550e-02
-3.799999999999911893e+00 -7.909677119144705726e-01 6.118578909426494183e-01 -4.923627809415885570e-02
-3.749999999999911182e+00 -8.205593573396114948e-01 5.715613187422708963e-01 -6.002108774382532153e-02
-3.699999999999910472e+00 -8.481000317104555597e-01 5.298361409084172413e-01 -6.959948848656777320e-02
-3.649999999999909761e+00 -8.735208976839817785e-01 4.867866486556206573e-01 -7.770306446670201261e-02
-3.599999999999909051e+00 -8.967584163341872916e-01 4.425204432947708044e-01 -8.409185873786073628e-02
-3.549999999999908340e+00 -9.177545059663123617e-01 3.971481672858758194e-01 -8.856083472673743906e-02
-3.499999999999907629e+00 -9.364566872908287598e-01 3.507832276895333501e-01 -9.094568176679973526e-02
-3.449999999999906919e+00 -9.528182145943330239e-01 3.035415127083404552e-01 -9.112781544344616957e-02
-3.399999999999906208e+00 -9.667981925794849607e-01 2.555411020267406297e-01 -8.903843866360061643e-02
-3.349999999999905498e+00 -9.783616785819536643e-01 2.069019716733072056e-01 -8.466154785175500352e-02
-3.299999999999904787e+00 -9.874797699088798675e-01 1.577456941431543691e-01 -7.803579012127075110e-02
-3.249999999999904077e+00 -9.941296760805565791e-01 1.081951345300130179e-01 -6.925510124283547342e-02
-3.199999999999903366e+00 -9.982947757947586709e-01 5.837414342748344087e-02 -5.846808023676723642e-02
-3.149999999999902656e+00 -9.999646584713427488e-01 8.407247367051366368e-03 -4.587608390493169708e-02
-3.099999999999901945e+00 -9.991351502732753742e-01 -4.158066243338855161e-02 -3.173005300266340534e-02
-3.049999999999901235e+00 -9.958083245390522142e-01 -9.146464223253537862e-02 -1.632611041379741432e-02
-2.999999999999900524e+00 -9.899924966004314264e-01 -1.411200080599656903e-01 3.321098906277542080e-14
-2.949999999999899813e+00 -9.817022029984349141e-01 -1.904226473611255743e-01 1.687953788551830800e-02
-2.899999999999899103e+00 -9.709581651495663435e-01 -2.392493292140802918e-01 3.391833252015374195e-02
-2.849999999999898392e+00 -9.577872375530610549e-01 -2.874780123426418088e-01 5.070514536867125333e-02
-2.799999999999897682e+00 -9.422223406686238700e-01 -3.349881501560013075e-01 6.682066312779197381e-02
-2.749999999999896971e+00 -9.243023786324242597e-01 -3.816609920524269284e-01 8.184693783249383237e-02
-2.699999999999896261e+00 -9.040721420170167999e-01 -4.273798802339237035e-01 9.537707681493062806e-02
-2.649999999999895550e+00 -8.815821958782366075e-01 -4.720305412899746811e-01 1.070249755862161811e-01
-2.599999999999894840e+00 -8.568887533688930302e-01 -5.155013718215543106e-01 1.164348813293490659e-01
-2.549999999999894129e+00 -8.300535352351631202e-01 -5.576837173915047963e-01 1.232905738352647190e-01
-2.499999999999893419e+00 -8.011436155468699694e-01 -5.984721441040419254e-01 1.273239544735217110e-01
-2.449999999999892708e+00 -7.702312540472389113e-01 -6.377647021345863587e-01 1.283228421550580978e-01
-2.399999999999891998e+00 -7.373937155411725008e-01 -6.754631805512305576e-01 1.261377881067679285e-01
-2.349999999999891287e+00 -7.027130767734766081e-01 -7.114733527909208322e-01 1.206877384269693515e-01
-2.299999999999890576e+00 -6.662760212797426140e-01 -7.457052121767930863e-01 1.119643945218216780e-01
-2.249999999999889866e+00 -6.281736227226534242e-01 -7.780731968879903704e-01 1.000351462396486812e-01
-2.199999999999889155e+00 -5.885011172552561121e-01 -8.084964038196553737e-01 8.504448034438523429e-02
-2.149999999999888445e+00 -5.473576654801777241e-01 -8.368987907985587782e-01 6.721379734908154713e-02
-2.099999999999887734e+00 -5.048461045997605368e-01 -8.632093666489304429e-01 4.683960205154525519e-02
-2.049999999999887024e+00 -4.610726913766126644e-01 -8.873623686334275451e-01 2.429006671320441471e-02
-1.999999999999886313e+00 -4.161468365470389896e-01 -9.092974268257290049e-01 -5.686489202714325203e-14
-1.949999999999885603e+00 -3.701808313511806281e-01 -9.289597150039116125e-01 -2.553571116015085005e-02
-1.899999999999884892e+00 -3.232895668633944952e-01 -9.463000876874516631e-01 -5.177008647813793191e-02
-1.849999999999884182e+00 -2.755902468244015302e-01 -9.612752029753318661e-01 -7.811333205444853656e-02
-1.799999999999883471e+00 -2.272020946929735608e-01 -9.738476308782216817e-01 -1.039432537543523438e-01
-1.749999999999882760e+00 -1.782460556493767334e-01 -9.839859468739577952e-01 -1.286166165939283679e-01
-1.699999999999882050e+00 -1.288444942954077299e-01 -9.916648104524837803e-01 -1.514812396472524358e-01
-1.649999999999881339e+00 -7.912088880661566348e-02 -9.968650284539282147e-01 -1.718885971536295021e-01
-1.599999999999880629e+00 -2.919952230116940745e-02 -9.995736030415086626e-01 -1.892066821602014226e-01
-1.549999999999879918e+00 2.079482780321252958e-02 -9.997837641893544403e-01 -2.028328795354442382e-01
-1.499999999999879208e+00 7.073720166782339336e-02 -9.974949866040458968e-01 -2.122065907892108638e-01
-1.449999999999878497e+00 1.205027693674871891e-01 -9.927129910375738220e-01 -2.168213539861398031e-01
-1.399999999999877787e+00 1.699671429003613843e-01 -9.854497299884393824e-01 -2.162362081830367655e-01
-1.349999999999877076e+00 2.190066870931615117e-01 -9.757233578266321095e-01 -2.100860631876920737e-01
-1.299999999999876366e+00 2.674988286247065306e-01 -9.635581854171598737e-01 -1.980908518463029011e-01
-1.249999999999875655e+00 3.153223623953866905e-01 -9.489846193555470100e-01 -1.800632632313687587e-01
-1.199999999999874944e+00 3.623577544767901393e-01 -9.320390859671809913e-01 -1.559148806313717384e-01
-1.149999999999874234e+00 4.084874408842720794e-01 -9.127639402604696972e-01 -1.256605776526270313e-01
-1.099999999999873523e+00 4.535961214256901131e-01 -8.912073600613780178e-01 -8.942105846203414476e-02
-1.049999999999872813e+00 4.975710478918373147e-01 -8.674232255939535730e-01 -4.742346358291277264e-02
-9.999999999998721023e-01 5.403023058682473456e-01 -8.414709848078274490e-01 1.279679589060963497e-13
-9.499999999998713918e-01 5.816830894639880567e-01 -8.134155047892989154e-01 5.241540711822305354e-02
-8.999999999998706812e-01 6.216099682707657559e-01 -7.833269096274030341e-01 1.092924047872042004e-01
-8.499999999998699707e-01 6.599831458850798915e-01 -7.512804051402068861e-01 1.700113697655945832e-01
-7.999999999998692601e-01 6.967067093472592010e-01 -7.173560908994316421e-01 2.338723209473302644e-01
-7.499999999998685496e-01 7.316888688739104918e-01 -6.816387600232379773e-01 3.001054387192119144e-01
-6.999999999998678391e-01 7.648421872845735381e-01 -6.442176872375899865e-01 3.678830105719547161e-01
-6.499999999998671285e-01 7.960837985491362456e-01 -6.051864057359337412e-01 4.363325927746655730e-01
-5.999999999998664180e-01 8.253356149097537120e-01 -5.646424733949251262e-01 5.045511524272858761e-01
-5.499999999998657074e-01 8.525245220595759621e-01 -5.226872289305446451e-01 5.716199332363511854e-01
-4.999999999998649969e-01 8.775825618904374847e-01 -4.794255386040845446e-01 6.366197723677532450e-01
-4.499999999998642863e-01 9.004471023527359508e-01 -4.349655341111079987e-01 6.986465850665977140e-01
-3.999999999998635758e-01 9.210609940029381715e-01 -3.894183423085248452e-01 7.568267286408096872e-01
-3.499999999998628653e-01 9.393727128474259613e-01 -3.428978074553225008e-01 8.103319580098947705e-01
-2.999999999998621547e-01 9.553364891256467262e-01 -2.955202066612078737e-01 8.583936913342641306e-01
-2.499999999998614442e-01 9.689124217106790393e-01 -2.474039592543886834e-01 9.003163161572131923e-01
-1.999999999998607336e-01 9.800665778412692708e-01 -1.986693307949247145e-01 9.354892837887270884e-01
-1.499999999998600231e-01 9.887710779360632252e-01 -1.494381324734608274e-01 9.633977620041834777e-01
-9.999999999985931254e-02 9.950041652780398094e-01 -9.983341664668816950e-02 9.836316430835118085e-01
-4.999999999985860200e-02 9.987502603949732771e-01 -4.997916927053711045e-02 9.958927352435845703e-01
1.421085471520200372e-13 1.000000000000000000e+00 1.421085471520200372e-13 1.000000000000000000e+00
5.000000000014281909e-02 9.987502603949590663e-01 4.997916927082096672e-02 9.958927352435379410e-01
1.000000000001435296e-01 9.950041652780113877e-01 9.983341664697097106e-02 9.836316430834192159e-01
1.500000000001442402e-01 9.887710779360207036e-01 1.494381324737418526e-01 9.633977620040463652e-01
2.000000000001449507e-01 9.800665778412128715e-01 1.986693307952032694e-01 9.354892837885473433e-01
2.500000000001456613e-01 9.689124217106087622e-01 2.474039592546640742e-01 9.003163161569934791e-01
3.000000000001463718e-01 9.553364891255627933e-01 2.955202066614794343e-01 8.583936913340077801e-01
3.500000000001470823e-01 9.393727128473284838e-01 3.428978074555895095e-01 8.103319580096054464e-01
4.000000000001477929e-01 9.210609940028274822e-01 3.894183423087866358e-01 7.568267286404916083e-01
4.500000000001485034e-01 9.004471023526123830e-01 4.349655341113639606e-01 6.986465850662552102e-01
5.000000000001492140e-01 8.775825618903011494e-01 4.794255386043339562e-01 6.366197723673914233e-01
5.500000000001499245e-01 8.525245220594274143e-01 5.226872289307870068e-01 5.716199332359749308e-01
6.000000000001506351e-01 8.253356149095932848e-01 5.646424733951597164e-01 5.045511524269005177e-01
6.500000000001513456e-01 7.960837985489642721e-01 6.051864057361600047e-01 4.363325927742762178e-01
7.000000000001520561e-01 7.648421872843904623e-01 6.442176872378073682e-01 3.678830105715665266e-01
7.500000000001527667e-01 7.316888688737167579e-01 6.816387600234459221e-01 3.001054387188302197e-01
8.000000000001534772e-01 6.967067093470553640e-01 7.173560908996297059e-01 2.338723209469596720e-01
8.500000000001541878e-01 6.599831458848662846e-01 7.512804051403945138e-01 1.700113697652397560e-01
9.000000000001548983e-01 6.216099682705431562e-01 7.833269096275796706e-01 1.092924047868692877e-01
9.500000000001556089e-01 5.816830894637569083e-01 8.134155047894642276e-01 5.241540711791182333e-02
1.000000000000156319e+00 5.403023058680082036e-01 8.414709848079809928e-01 -1.563029506238125609e-13
1.050000000000157030e+00 4.975710478915907897e-01 8.674232255940950154e-01 -4.742346358316733290e-02
1.100000000000157740e+00 4.535961214254368157e-01 8.912073600615069147e-01 -8.942105846225679999e-02
1.150000000000158451e+00 4.084874408840126758e-01 9.127639402605858265e-01 -1.256605776528162133e-01
1.200000000000159162e+00 3.623577544765252401e-01 9.320390859672840200e-01 -1.559148806315264479e-01
1.250000000000159872e+00 3.153223623951169619e-01 9.489846193556366050e-01 -1.800632632314886072e-01
1.300000000000160583e+00 2.674988286244326940e-01 9.635581854172359240e-01 -1.980908518463880830e-01
1.350000000000161293e+00 2.190066870928842058e-01 9.757233578266943930e-01 -2.100860631877434492e-01
1.400000000000162004e+00 1.699671429000813028e-01 9.854497299884876771e-01 -2.162362081830555838e-01
1.450000000000162714e+00 1.205027693672050398e-01 9.927129910376081279e-01 -2.168213539861279515e-01
1.500000000000163425e+00 7.073720166753989791e-02 9.974949866040659918e-01 -2.122065907891706737e-01
1.550000000000164135e+00 2.079482780292837493e-02 9.997837641893603244e-01 -2.028328795353783187e-01
1.600000000000164846e+00 -2.919952230145350311e-02 9.995736030415003359e-01 -1.892066821601129378e-01
1.650000000000165556e+00 -7.912088880689899240e-02 9.968650284539057882e-01 -1.718885971535216162e-01
1.700000000000166267e+00 -1.288444942956895600e-01 9.916648104524471430e-01 -1.514812396471288680e-01
1.750000000000166978e+00 -1.782460556496563986e-01 9.839859468739071691e-01 -1.286166165937925321e-01
1.800000000000167688e+00 -2.272020946932503671e-01 9.738476308781570667e-01 -1.039432537542082369e-01
1.850000000000168399e+00 -2.755902468246747561e-01 9.612752029752534844e-01 -7.811333205429954463e-02
1.900000000000169109e+00 -3.232895668636634467e-01 9.463000876873598477e-01 -5.177008647798796159e-02
1.950000000000169820e+00 -3.701808313514446946e-01 9.289597150038064743e-01 -2.553571116000306895e-02
2.000000000000170530e+00 -4.161468365472974495e-01 9.092974268256107662e-01 8.519988374488978077e-14
2.050000000000171241e+00 -4.610726913768648516e-01 8.873623686332964278e-01 2.429006671333807169e-02
2.100000000000171951e+00 -5.048461046000058960e-01 8.632093666487870021e-01 4.683960205166759483e-02
2.150000000000172662e+00 -5.473576654804156449e-01 8.368987907984032359e-01 6.721379734919051552e-02
2.200000000000173372e+00 -5.885011172554859282e-01 8.084964038194881741e-01 8.504448034447872895e-02
2.250000000000174083e+00 -6.281736227228745806e-01 7.780731968878118465e-01 1.000351462397254254e-01
2.300000000000174794e+00 -6.662760212799545556e-01 7.457052121766036823e-01 1.119643945218804365e-01
2.350000000000175504e+00 -7.027130767736787798e-01 7.114733527907211030e-01 1.206877384270096942e-01
2.400000000000176215e+00 -7.373937155413645694e-01 6.754631805510209475e-01 1.261377881067895779e-01
2.450000000000176925e+00 -7.702312540474202107e-01 6.377647021343675338e-01 1.283228421550613729e-01
2.500000000000177636e+00 -8.011436155470400555e-01 5.984721441038142187e-01 1.273239544735072226e-01
2.550000000000178346e+00 -8.300535352353216600e-01 5.576837173912688739e-01 1.232905738352335218e-01
2.600000000000179057e+00 -8.568887533690395797e-01 5.155013718213108387e-01 1.164348813293025336e-01
2.650000000000179767e+00 -8.815821958783707224e-01 4.720305412897241037e-01 1.070249755861560903e-01
2.700000000000180478e+00 -9.040721420171382583e-01 4.273798802336667979e-01 9.537707681485879663e-02
2.750000000000181188e+00 -9.243023786325327285e-01 3.816609920521642496e-01 8.184693783241223097e-02
2.800000000000181899e+00 -9.422223406687191272e-01 3.349881501557335217e-01 6.682066312770300331e-02
2.850000000000182609e+00 -9.577872375531427673e-01 2.874780123423695821e-01 5.070514536857746030e-02
2.900000000000183320e+00 -9.709581651496344001e-01 2.392493292138043459e-01 3.391833252005733296e-02
2.950000000000184031e+00 -9.817022029984890930e-01 1.904226473608465753e-01 1.687953788542145492e-02
3.000000000000184741e+00 -9.899924966004715055e-01 1.411200080596843320e-01 -6.159310010914182475e-14
3.050000000000185452e+00 -9.958083245390781935e-01 9.146464223225234114e-02 -1.632611041388781423e-02
3.100000000000186162e+00 -9.991351502732872536e-01 4.158066243310457738e-02 -3.173005300274758106e-02
3.150000000000186873e+00 -9.999646584713404174e-01 -8.407247367335573054e-03 -4.587608390500800409e-02
3.200000000000187583e+00 -9.982947757947421286e-01 -5.837414342776717224e-02 -5.846808023683393307e-02
3.250000000000188294e+00 -9.941296760805258259e-01 -1.081951345302955697e-01 -6.925510124289128988e-02
3.300000000000189004e+00 -9.874797699088350145e-01 -1.577456941434350335e-01 -7.803579012131459103e-02
3.350000000000189715e+00 -9.783616785818948225e-01 -2.069019716735852887e-01 -8.466154785178636732e-02
3.400000000000190425e+00 -9.667981925794123521e-01 -2.555411020270154099e-01 -8.903843866361901838e-02
3.450000000000191136e+00 -9.528182145942467596e-01 -3.035415127086112941e-01 -9.112781544345155416e-02
3.500000000000191847e+00 -9.364566872907290618e-01 -3.507832276897995261e-01 -9.094568176679235227e-02
3.550000000000192557e+00 -9.177545059661994520e-01 -3.971481672861366663e-01 -8.856083472671781587e-02
3.600000000000193268e+00 -8.967584163340615033e-01 -4.425204432950257116e-01 -8.409185873782967779e-02
3.650000000000193978e+00 -8.735208976838434447e-01 -4.867866486558689032e-01 -7.770306446666057354e-02
3.700000000000194689e+00 -8.481000317103050135e-01 -5.298361409086583818e-01 -6.959948848651734132e-02
3.750000000000195399e+00 -8.205593573394490692e-01 -5.715613187425041541e-01 -6.002108774376713890e-02
3.800000000000196110e+00 -7.909677119142967117e-01 -6.118578909428742385e-01 -4.923627809409462236e-02
3.850000000000196820e+00 -7.593990591373798171e-01 -6.506251370653167720e-01 -3.753497774037261453e-02
3.900000000000197531e+00 -7.259323042000043191e-01 -6.877661591841172095e-01 -2.522132418157797124e-02
3.950000000000198241e+00 -6.906510965603642749e-01 -7.231881240866488980e-01 -1.260623715493163974e-02
4.000000000000198952e+00 -6.536436208634612832e-01 -7.568024953080583206e-01 4.971902929834601404e-14
4.050000000000199663e+00 -6.150023765254168939e-01 -7.885252544263179342e-01 1.229497204009206805e-02
4.100000000000200373e+00 -5.748239465331049791e-01 -8.182771110645257195e-01 2.399101568500780490e-02
4.150000000000201084e+00 -5.332087560369845880e-01 -8.459837010755535402e-01 3.482160585561189237e-02
4.200000000000201794e+00 -4.902608213405236781e-01 -8.715757724136869999e-01 4.454710875187666008e-02
4.250000000000202505e+00 -4.460874899136115790e-01 -8.949893582286738702e-01 5.295978330339035089e-02
4.300000000000203215e+00 -4.007991720797891011e-01 -9.161659367495363915e-01 5.988793195356953425e-02
4.350000000000203926e+00 -3.545090650479409411e-01 -9.350525775585214472e-01 6.519912305827436916e-02
4.400000000000204636e+00 -3.073328699782249540e-01 -9.516020738895788478e-01 6.880242987643453434e-02
4.450000000000205347e+00 -2.593885027894279882e-01 -9.657730606206920143e-01 7.064965466964337470e-02
4.500000000000206057e+00 -2.107957994305782734e-01 -9.775301176651405299e-01 7.073553026306135527e-02
4.550000000000206768e+00 -1.616762163534822827e-01 -9.868438585032700550e-01 6.909691500656017782e-02
4.600000000000207478e+00 -1.121525269348483539e-01 -9.936910036334877239e-01 6.581101988177935624e-02
4.650000000000208189e+00 -6.234851460678422774e-02 -9.980544387588923261e-01 6.099272802221657880e-02
4.700000000000208900e+00 -1.238866346268185405e-02 -9.999232575641034959e-01 5.479108668087403350e-02
4.750000000000209610e+00 3.760215288818601759e-02 -9.992927889753701054e-01 4.738506927139338187e-02
4.800000000000210321e+00 8.749898343965607783e-02 -9.961646088358222517e-01 3.897872015782283261e-02
4.850000000000211031e+00 1.371771121011166883e-01 -9.905465359666841829e-01 2.979580707225218394e-02
4.900000000000211742e+00 1.865123694227834306e-01 -9.824526126242930646e-01 2.007411516492682221e-02
4.950000000000212452e+00 2.353814429546574882e-01 -9.719030694017708472e-01 1.005952257817503345e-02
5.000000000000213163e+00 2.836621854634306938e-01 -9.589242746630779468e-01 -4.259458681186839887e-14
5.050000000000213873e+00 3.312339202369556923e-01 -9.435486686358357522e-01 -9.860324111363791624e-03
5.100000000000214584e+00 3.779777427131792433e-01 -9.258146823276511839e-01 -1.928689496246001681e-02
5.150000000000215294e+00 4.237768176796229413e-01 -9.057666414686134093e-01 -2.806012899044725561e-02
5.200000000000216005e+00 4.685166713005677885e-01 -8.834546557200521066e-01 -3.598035706882588697e-02
5.250000000000216716e+00 5.120854772420267986e-01 -8.589344934264810938e-01 -4.287220553131810413e-02
5.300000000000217426e+00 5.543743361793418423e-01 -8.322674422237806846e-01 -4.858832215101117208e-02
5.350000000000218137e+00 5.952775479887816301e-01 -8.035201558520257414e-01 -5.301237108476665461e-02
5.400000000000218847e+00 6.346928759428034361e-01 -7.727644875558484783e-01 -5.606123915857744860e-02
5.450000000000219558e+00 6.725218022486283420e-01 -7.400773104887468090e-01 -5.768641528071872387e-02
5.500000000000220268e+00 7.086697742914154219e-01 -7.055403255702358267e-01 -5.787452476068689899e-02
5.550000000000220979e+00 7.430464409665578085e-01 -6.692398572760976938e-01 -5.664702041078346906e-02
5.600000000000221689e+00 7.755658785103897168e-01 -6.312666378721494276e-01 -5.405905204574685402e-02
5.650000000000222400e+00 8.061468052648470550e-01 -5.917155806308304067e-01 -5.019755492093850441e-02
5.700000000000223110e+00 8.347127848392825733e-01 -5.506855425974515050e-01 -4.517861533335100488e-02
5.750000000000223821e+00 8.611924171616346380e-01 -5.082790774990655347e-01 -3.914418765897561409e-02
5.800000000000224532e+00 8.855195169414232792e-01 -4.646021794135584138e-01 -3.225825116509287160e-02
5.850000000000225242e+00 9.076332790985078836e-01 -4.197640178396549460e-01 -2.470250671801901832e-02
5.900000000000225953e+00 9.274784307441201747e-01 -3.738766648300267947e-01 -1.667172276408957626e-02
5.950000000000226663e+00 9.450053693343015704e-01 -3.270548148695265889e-01 -8.368846514613810864e-03
6.000000000000227374e+00 9.601702866504295830e-01 -2.794154981987075348e-01 3.784495848754992565e-14
6.050000000000228084e+00 9.729352782969501456e-01 -2.310777882991701393e-01 8.230518473124091156e-03
6.100000000000228795e+00 9.832684384426262358e-01 -1.821625042718705845e-01 1.612510890304269875e-02
6.150000000000229505e+00 9.911439395684994436e-01 -1.327919088522896141e-01 2.349750639037659697e-02
6.200000000000230216e+00 9.965420970232365949e-01 -8.308940281726716337e-02 3.017707367063020979e-02
6.250000000000230926e+00 9.994494182245070579e-01 -3.317921654732601533e-02 3.601265264630901936e-02
6.300000000000231637e+00 9.998586363834112145e-01 1.681390048458149614e-02 4.087589006355051707e-02
6.350000000000232347e+00 9.977687286676685252e-01 6.676499152178765051e-02 4.466396618952905156e-02
6.400000000000233058e+00 9.931849187581655025e-01 1.165492048507247580e-01 4.730167054005057770e-02
6.450000000000233769e+00 9.861186637924737042e-01 1.660421058651875836e-01 4.874278500463882779e-02
6.500000000000234479e+00 9.765876257279730854e-01 2.151199880880445281e-01 4.897075172058141385e-02
6.550000000000235190e+00 9.646156271961560114e-01 2.636601823730054250e-01 4.799862034806830213e-02
6.600000000000235900e+00 9.502325919584559966e-01 3.115413635136023429e-01 4.586828658426954364e-02
6.650000000000236611e+00 9.334744701124271238e-01 3.586438534930209143e-01 4.264905042154840814e-02
6.700000000000237321e+00 9.143831482352233753e-01 4.048499206168151843e-01 3.843553841792444331e-02
6.750000000000238032e+00 8.930063446889695555e-01 4.500440737808301672e-01 3.334504874653336504e-02
6.800000000000238742e+00 8.693974903497072582e-01 4.941133511388158817e-01 2.751439069963652895e-02
6.850000000000239453e+00 8.436155950580308538e-01 5.369476024482132681e-01 2.109630135772258899e-02
6.900000000000240163e+00 8.157251001252181499e-01 5.784397643883957274e-01 1.425553105914708490e-02
6.950000000000240874e+00 7.857957172635121612e-01 6.184861281632130225e-01 7.164695936969638600e-03
7.000000000000241585e+00 7.539022543431459500e-01 6.569865987189712486e-01 -3.453314281923260044e-14
7.050000000000242295e+00 7.201244284116259387e-01 6.938449449299383121e-01 -7.063069044314240590e-03
7.100000000000243006e+00 6.845466664426291814e-01 7.289690401260424668e-01 -1.385396680402446214e-02
7.150000000000243716e+00 6.472578943125381068e-01 7.622710923615687584e-01 -2.021114186025588927e-02
7.200000000000244427e+00 6.083513145320607052e-01 7.936678638493017690e-01 -2.598581343859984391e-02
7.250000000000245137e+00 5.679241732884930949e-01 8.230808790116447282e-01 -3.104539021233688675e-02
7.300000000000245848e+00 5.260775173808961425e-01 8.504366206286938512e-01 -3.527645306854488433e-02
7.350000000000246558e+00 4.829159416557216034e-01 8.756667135930015222e-01 -3.858723609571652891e-02
7.400000000000247269e+00 4.385473275741684218e-01 8.987080958117351637e-01 -4.090955289950393148e-02
7.450000000000247979e+00 3.930825735647129338e-01 9.195031758290680424e-01 -4.220012929931861445e-02
7.500000000000248690e+00 3.466353178347925112e-01 9.379999767748250505e-01 -4.244131815783735301e-02
7.550000000000249401e+00 2.993216543344689451e-01 9.541522662795894894e-01 -4.164118718938357444e-02
7.600000000000250111e+00 2.512598425820132819e-01 9.679196720315492719e-01 -3.983298571791785841e-02
7.650000000000250822e+00 2.025700120766990575e-01 9.792677826862506985e-01 -3.707401115075700110e-02
7.700000000000251532e+00 1.533738620376159656e-01 9.881682338770388929e-01 -3.344391005195919420e-02
7.750000000000252243e+00 1.037943572190020980e-01 9.945987791112023135e-01 -2.904246181149565051e-02
7.800000000000252953e+00 5.395542056239698708e-02 9.985433453746186405e-01 -2.398690471250218559e-02
7.850000000000253664e+00 3.981623453825721901e-03 9.999920733059197708e-01 -1.840887443317032121e-02
7.900000000000254374e+00 -4.600212563979069746e-02 9.989413418397603550e-01 -1.245103345672180645e-02
7.950000000000255085e+00 -9.587089337675154532e-02 9.953937772575954801e-01 -6.263476322254669590e-03
8.000000000000255795e+00 -1.455000338088666134e-01 9.893582466233445949e-01 3.190792308215178048e-14
8.050000000000256506e+00 -1.947654999314122615e-01 9.808498356203496638e-01 6.185669163034782266e-03
8.100000000000257216e+00 -2.435441537360409359e-01 9.698898108450235700e-01 1.214360053192442730e-02
8.150000000000257927e+00 -2.917140739916728731e-01 9.565055666514339361e-01 1.773124715347754871e-02
8.200000000000258638e+00 -3.391548609840785433e-01 9.407305566796851926e-01 2.281681179974770143e-02
8.250000000000259348e+00 -3.857479374524611093e-01 9.226042102392402189e-01 2.728231261084273010e-02
8.300000000000260059e+00 -4.313768449708548225e-01 9.021718337561814849e-01 3.102627800004653658e-02
8.350000000000260769e+00 -4.759275350335392951e-01 8.794844975307405388e-01 3.396601021599086889e-02
8.400000000000261480e+00 -5.192886541169087211e-01 8.545989080881448707e-01 3.603936803051595306e-02
8.450000000000262190e+00 -5.613518220052889918e-01 8.275772664418363789e-01 3.720603115738777000e-02
8.500000000000262901e+00 -6.020119026850335731e-01 7.984871126233320515e-01 3.744822190397421868e-02
8.550000000000263611e+00 -6.411672671298035420e-01 7.674011568673186900e-01 3.677087289822743299e-02
8.600000000000264322e+00 -6.787200473202068540e-01 7.343970978739338129e-01 3.520124319257812023e-02
8.650000000000265032e+00 -7.145763808628771141e-01 6.995574286024789368e-01 3.278799830095786155e-02
8.700000000000265743e+00 -7.486466455975753220e-01 6.629692300819838291e-01 2.959978245977912953e-02
8.750000000000266454e+00 -7.808456836059155526e-01 6.247239537539843734e-01 2.572332331875215941e-02
8.800000000000267164e+00 -8.110930140618117790e-01 5.849171928915455343e-01 2.126112008608028320e-02
8.850000000000267875e+00 -8.393130343916295200e-01 5.436484436658632902e-01 1.632877562716093453e-02
8.900000000000268585e+00 -8.654352092412466169e-01 5.010208564576525969e-01 1.105204093349309268e-02
8.950000000000269296e+00 -8.893942467777047334e-01 4.571409780349156571e-01 5.563646565576688997e-03
9.000000000000270006e+00 -9.111302618847882950e-01 4.121184852415105682e-01 -2.999173705183807258e-14
9.050000000000270717e+00 -9.305889258446273793e-01 3.660659108621597824e-01 -5.502169808004803153e-03
9.100000000000271427e+00 -9.477216021311986038e-01 3.190983623490945553e-01 -1.080913893501120673e-02
9.150000000000272138e+00 -9.624854679763110710e-01 2.713332341133711245e-01 -1.579340593451971156e-02
9.200000000000272848e+00 -9.748436214042245362e-01 2.228899140999809625e-01 -2.033672356064591957e-02
9.250000000000273559e+00 -9.847651734673712465e-01 1.738894853801641605e-01 -2.433287340967171114e-02
9.300000000000274269e+00 -9.922253254526375299e-01 1.244544235067902710e-01 -2.769011907531132577e-02
9.350000000000274980e+00 -9.972054308652325005e-01 7.470829038926021792e-02 -3.033328185064497126e-02
9.400000000000275691e+00 -9.996930420352132529e-01 2.477542545308251618e-02 -3.220539270812117910e-02
9.450000000000276401e+00 -9.996819412301778396e-01 -2.521936514393574580e-02 -3.326888500316712433e-02
9.500000000000277112e+00 -9.971721561963576841e-01 -7.515112046208563545e-02 -3.350630380881909620e-02
9.550000000000277822e+00 -9.921699600892663895e-01 -1.248950371170272633e-01 -3.292051971516678915e-02
9.600000000000278533e+00 -9.846878557940783594e-01 -1.743267812232542624e-01 -3.153444702668418281e-02
9.650000000000279243e+00 -9.747445446749269937e-01 -2.233227991640557297e-01 -2.939027826976987889e-02
9.700000000000279954e+00 -9.623648798312339769e-01 -2.717606264112125691e-01 -2.654825849485260153e-02
9.750000000000280664e+00 -9.475798039779035342e-01 -3.195191936225396101e-01 -2.308503374759714871e-02
9.800000000000281375e+00 -9.304262721046504536e-01 -3.664791292521895616e-01 -1.909161803647907441e-02
9.850000000000282085e+00 -9.109471591077710206e-01 -4.125230579173500001e-01 -1.467103190866623878e-02
9.900000000000282796e+00 -8.891911526252316289e-01 -4.575358937755725219e-01 -9.935673162431791008e-03
9.950000000000283507e+00 -8.652126313429294724e-01 -5.014051281794432713e-01 -5.004486106723313177e-03
1.000000000000028422e+01 -8.390715290762978951e-01 -5.440211108896082504e-01 2.834570183891285299e-14
